//Cool locations and colors to try out

./mandl 0.00065 750 -0.7453 0.1127 5 5 5 255
./mandl 0.00004 2000 -0.235125 -0.827215 2 1 2 255
./mandl 0.00003 2000 -0.745428 0.113009 3 2 5 255
./mandl 0.000003 6000 -0.745428 0.113009 3 3 2 255
./mandl 0.000200 1300 -0.485152 -0.623240 5 -5 -2 255
./mandl 0.000200 1500 -0.485155 -0.623238 5 -5 -4 255
./mandl 0.020000 1400 -0.460806 -0.563046 -10 4 8 255
./mandl 0.002000 700 -0.191600 -0.649600 -5 -6 3 255
./mandl 0.002000 700 -0.191776 -0.649724 -2 -5 3 255
./mandl 0.000200 700 -0.191794 -0.649636 -2 -5 3 255
./mandl 0.000002 700 -0.191795 -0.649637 6 -2 -2 255
./mandl 0.000000 2400 -0.191795 -0.649637 -1 -4 -4 255
./mandl 0.002000 700 -0.818128 -0.198848 -7 -16 -21 50
./mandl 0.000200 700 -0.818127 -0.198848 -7 -16 62 50
./mandl 0.000002 1100 -0.818248 -0.198819 -5 -14 8 50
./mandl 0.000002 2000 -0.818248 -0.198819 81 20 18 50
./mandl 0.000000 1200 -0.818245 -0.198820 35 11 11 50 
./mandl 0.000000 500 -0.075636 -0.880017 49 40 13 50
./mandl 0.002000 1300 -0.598216 -0.663952 28 -20 -18 50
./mandl 0.000200 650 -0.599276 -0.664380 39 -19 -18 80 //Really cool
./mandl 0.002000 1050 -1.065548 -0.252696 25 25 25
./mandl 0.00020000000000000006 500 -0.042781 -0.984068 71 51 43 -5
./mandl 0.00020000000000000006 500 -0.042781 -0.984068 71 51 43 -5
